-0.00587
-0.00685
-0.00415
-0.00252
0.00144
0.00841
0.01891
0.04283
0.06817
0.11401
0.17974
0.25828
0.35238
0.45831
0.56222
0.6573
0.75261
0.82392
0.88611
0.93781
0.96871
0.99065
1
0.99708
0.98739
0.96567
0.93569
0.9019
0.85933
0.81432
0.77058
0.72254
0.67613
0.62869
0.57856
0.52986
0.48059
0.43882
0.39334
0.35304
0.30931
0.27307
0.23969
0.21011
0.18181
0.15407
0.13497
0.11454
0.10205
0.08754
0.07716
0.06547
0.05305
0.04931
0.04218
0.04004
0.03564
0.03288
0.03081
0.02787
0.02741
0.0223
0.01722
0.0145
0.01355
0.01215
0.0116
0.00944
0.00782
0.00865
0.00892
0.011
0.00989
0.0088
0.00655
0.00684
0.00663
0.00578
0.00428
0.00494