8.6281E-4
-6.70282E-4
-0.00311
-0.00273
-0.00506
-0.0073
-0.00501
-0.0071
-0.00689
-0.00739
-0.0039
-0.00798
-0.00835
-0.00658
-0.00257
-6.50673E-4
-0.0031
0.00104
0.00199
0.00185
4.74189E-4
0.00126
0.00373
-0.00169
7.70111E-4
3.04836E-4
0.00145
-0.0034
-0.00466
-0.00219
-0.00397
-0.00206
-0.00349
-0.00285
-0.00181
-6.45325E-4
0.00136
0.00196
0.00122
3.08401E-4
0.00311
0.00329
0.00587
0.00558
0.0031
0.00318
0.00244
0.00531
1.65788E-4
-0.00335
-0.00212
-0.00108
-0.00121
-0.0019
-5.11625E-4
-0.00325
0.00165
0.00358
0.00597
0.00502
0.00284
0.00317
0.00329
0.00843
0.00779
0.00773
0.00734
0.00906
0.00494
0.00415
0.0031
-4.47449E-4
0.00196
7.87938E-4
0.00263
-0.00133
-0.00218
-0.00279
-5.98975E-4
-0.00188
-9.28768E-4
-0.00425
-0.00538
-0.00476
-0.00461
-0.00547
-0.00432
-0.00804
-0.00386
-0.00243
-0.00117
-0.00273
-0.00173
2.31746E-5
1.17656E-4
4.81319E-4
0.00282
0.00382
0.00368
0.00459
0.00606
0.00634
0.00867
0.00618
0.00622
0.00472
0.00746
0.00461
-9.98292E-5
0.00308
-5.49061E-4
0.00171
0.00142
0.00118
2.85226E-5
0.00274
-1.0696E-5
0.00286
0.00162
-0.00194
-1.6757E-4
-0.00188
-0.00255
-0.00544
-0.00449
-0.00242
-4.79537E-4
-2.06789E-4
-0.00146
2.33529E-4
-0.00128
8.00416E-4
3.52968E-4
-0.00143
1.01612E-4
-0.00173
-7.48719E-4
2.22833E-4
0.00315
0.00328
9.26986E-4
0.00122
0.00428
0.00683
0.00773
0.00648
0.00279
0.00403
0.00355
0.00152
0.00174
-9.73335E-4
-0.00198
-0.00278
-4.58145E-4
-0.00476
-0.00539
-0.00329
-0.00325
-0.00248
-0.0063
-0.00523
-0.00792
-0.00683
-0.00541
-0.00226
-0.0035
-0.00622
-5.56191E-4
-0.00176
0.0014
-0.00195
-0.00344
-0.00239
-0.00303
-0.00442
-0.00716
-0.00827
-0.00652
-0.00516
-0.00437
-0.00319
-0.00184
-0.00583
-8.12895E-4
-0.0017
0.00378
4.59927E-4
0.00432
0.00631
0.007
0.00766
0.00534
0.00212
0.00657
0.00563
0.0062
0.00751
0.00749
0.00674
0.00943
0.00767
0.01341
0.00886
0.00524
0.00544
0.00385
0.00111
4.58145E-4
-0.0023
-0.00256
5.16973E-4
1.96093E-5
-5.90062E-4
0.00249
2.31746E-5
-2.9414E-4
7.8972E-4
0.00205
-3.06618E-4
-0.00172
0.00369
9.57291E-4
-1.6044E-5
-4.13578E-4
-0.00294
-0.00535
-0.00124
-2.26398E-4
1.47961E-4
-0.00168
-0.00353
-0.00451
-0.0038
-0.00148
-0.00523
-0.00615
-0.00621
-0.00579
-0.00512
-0.00421
-0.00207
-0.00231
0.00196
0.00202
0.00327
0.0034
0.00273
0.00547
0.00271
0.00588
6.68499E-4
-0.00173
0.00119
0.00122
0.00296
6.45325E-4
9.28768E-4
-0.00173
0.00476
0.00277
0.00541
0.00169
-0.00229
0.00131
-0.00121
0.00344
-0.00139
-0.00305
0.00154
2.87009E-4
-6.61369E-4
-3.76142E-4
1.58657E-4
-0.00283
-9.85814E-4
-0.00321
-0.00248
-0.0021
-0.0043
-4.70623E-4
-0.00401
-7.5585E-4
-0.00211
-0.00247
-0.00145
3.4762E-4
-0.00268
-0.00473
-0.00553
-0.00685
-0.00388
-0.00598
-0.0063
-0.00474
-0.00626
-0.0017
-0.00343
-0.00125
-0.00132
-0.00152
9.46595E-4
0.00227
7.80807E-4
8.00416E-4
-5.52626E-5
-8.78854E-4
7.20197E-4
0.00394
0.00333
0.00268
-1.65788E-4
0.00448
0.00212
0.00172
-3.95752E-4
-0.0015
-0.00245
3.70794E-4
2.42442E-4
1.51526E-4
0.00143
-0.00108
0.00214
8.03982E-4
8.25374E-4
5.06277E-4
-0.006
-0.00121
-0.00487
8.77071E-4
-0.00287
-0.00217
4.83102E-4
0.0027
0.00599
0.00621
0.00701
0.00478
0.00755
0.00527
0.0065
0.0097
0.00337
0.00456
0.00515
0.00389
-2.15702E-4
3.2088E-4
3.4762E-4
0.0022
0.00193
-0.00307
-0.00225
-0.0013
0.00253
8.20026E-5
0.00128
0.00121
-0.00408
-0.00333
-0.00519
-0.00241
-0.00367
-0.00416
-0.00142
-0.00136
-0.00104
3.08401E-4
-6.72065E-4
-0.0028
-9.9651E-4
-5.63322E-4
4.59927E-4
5.72235E-4
-0.00218
0.00198
0.00391
0.00698
0.00463
0.00453
0.00708
0.00756
0.0035
0.00105
-0.00181
-0.00403
-0.00456
-0.00445
-0.00578
-0.00509
-0.01034
-0.00925
-0.01019
-0.00425
-0.00767
-0.00899
-0.00635
-0.00587
-0.00236
-0.00342
-0.00605
-0.00829
-0.00496
-0.0022
-6.89891E-4
2.28181E-4
-5.86497E-4
0.00776
0.0065
0.0086
0.0032
0.00248
0.00106
6.20367E-4
0.00254
2.53138E-4
-1.74701E-4
6.63151E-4
0.00409
0.00172
0.00497
0.0046
0.00373
0.00595
0.00738
0.0047
4.72406E-4
-0.00137
-7.20197E-4
0.00222
0.00167
2.42442E-4
-0.0015
-0.00252
-0.0028
-0.00437
-0.00313
-0.00137
-0.00392
-3.7436E-4
-0.00313
8.03982E-4
-0.00208
-0.00112
0.00236
0.00552
0.00369
0.00412
0.00371
0.00411
0.00431
0.00553
0.00485
0.00613
0.00162
0.00368
0.0025
0.00616
0.00163
4.36753E-4
-2.83444E-4
-0.0013
-9.46595E-4
-0.002
-0.00112
-0.0019
-0.00212
1.83614E-4
-5.98975E-4
-0.00263
-0.00442
-0.00541
-0.00427
-0.00276
-0.0029
-0.00421
-0.00437
-0.00275
-0.00322
-0.00424
-0.00728
-0.00585
-0.00291
-0.00216
0.00122
0.00136
4.81319E-5
9.02028E-4
0.0023
0.00144
-9.71552E-4
-0.00137
9.59074E-4
-1.6757E-4
-0.0017
-0.00524
-0.00682
-0.01042
-0.00587
-0.00685
-0.00415
-0.00252
0.00144
0.00841
0.01891
0.04283
0.06817
0.11401
0.17974
0.25828
0.35238
0.45831
0.56222
0.6573
0.75261
0.82392
0.88611
0.93781
0.96871
0.99065
1
0.99708
0.98739
0.96567
0.93569
0.9019
0.85933
0.81432
0.77058
0.72254
0.67613
0.62869
0.57856
0.52986
0.48059
0.43882
0.39334
0.35304
0.30931
0.27307
0.23969
0.21011
0.18181
0.15407
0.13497
0.11454
0.10205
0.08754
0.07716
0.06547
0.05305
0.04931
0.04218
0.04004
0.03564
0.03288
0.03081
0.02787
0.02741
0.0223
0.01722
0.0145
0.01355
0.01215
0.0116
0.00944
0.00782
0.00865
0.00892
0.011
0.00989
0.0088
0.00655
0.00684
0.00663
0.00578
0.00428
0.00494
0.00737
0.00199
0.00279
0.00146
-0.00228
0.0021
0.00164
0.00508
0.00149
9.19855E-4
0.00149
0.00364
0.00404
0.00489
0.00285
-0.00127
-6.15019E-4
0.00133
0.00174
0.00165
-0.00236
0.00252
0.00423
0.00683
0.00182
-0.00372
-0.00174
-0.00124
-0.00357
-0.00682
-0.00597
-0.00555
-0.00392
-0.00142
-1.9431E-4
0.00135
3.79708E-4
0.00285
0.00455
0.00686
0.00664
0.00678
0.00776
0.0058
0.0048
0.00168
2.4779E-4
-0.00332
-0.00215
-8.66375E-4
-0.00359
-0.00149
-0.00328
6.72065E-4
6.63151E-4
0.0033
6.09671E-4
0.00132
0.00576
0.00565
0.00507
0.00445
0.00186
-5.56191E-4
0.00118
2.33529E-4
0.00156
0.00103
-5.06277E-4
0.00271
2.22833E-4
0.00421
0.00464
0.00154
0.0019
-3.79708E-4
0.00147
5.31234E-4
5.40147E-4
0.00143
0.00386
0.00249
0.00431
0.00257
3.08401E-4
4.72406E-4
-3.58316E-4
1.81832E-4
-0.00384
-0.00571
-0.00188
-0.00286
-0.00325
-0.00354
-0.00424
-0.00565
-0.00224
-0.00361
-0.00463
-0.00618
-0.00997
-0.00776
-0.00756
-0.00393
-0.005
-0.00621
-0.0018
-0.00145
-0.00139
-0.00331
-0.00493
-0.00564
-0.00425
-0.00592
-0.0046
-0.00264
-0.00448
-3.56533E-6
-0.00253
-7.84372E-5
-0.00342
-0.00459
-0.00355
-0.00256
-0.00226
-0.00444
-0.00573
-0.00478
-0.00177
-0.00297
-0.00308
-0.00171
-0.00647
-0.00142
-0.00126
8.44983E-4
2.83444E-4
-0.0018
2.85226E-5
6.04323E-4
3.24445E-4
-7.66546E-4
-0.00244
-0.00295
-0.00259
-0.00225
-5.88279E-4
-1.30135E-4
-0.00493
-0.00331
-0.00434
2.33529E-4
-0.00198
-0.00479
-0.001
-0.00236
-0.00208
-0.00293
-0.00495
-0.00552
-3.70794E-4
-1.96093E-4
-0.00117
-2.2105E-4
-0.00418
6.06106E-4
-6.70282E-4
-0.00109
-0.00254
-0.0014
0.00117
0.00156
0.00165
5.77583E-4
0.00203
0.00242
0.00445
0.00285
0.00181
0.00421
-4.22492E-4
0.00473
0.00265
0.0074
0.00107
2.83444E-4
0.00261
0.00137
-0.00145
-0.00315
-0.00316
-0.00319
-1.78266E-6
-0.00117
-0.00221
-0.00358
-0.00496
-0.00243
-0.00254
-0.00235
-0.00602
-0.00391
-0.0015
-0.00313
-6.41759E-5
-0.00407
-0.00546
-0.00549
-0.0048
-0.00431
-0.00216
-9.34116E-4
-0.00163
0.0034
-9.62639E-5
0.00384
-0.00251
-0.00103
-6.95239E-5
6.41759E-4
0.00309
1.08743E-4
-8.23591E-4
-4.56362E-4
7.79024E-4
-3.5475E-4
-0.00244
-5.09842E-4
-0.00325
4.45666E-5
-0.00405
-6.50673E-4
-0.00443
-0.00222
0.00112
-6.43542E-4
-9.05594E-4
-9.07376E-4
-0.00143
-0.00212
-0.0037
-0.00219
-0.00229
-0.00414
-0.00453
-0.00204
-0.00159
-0.00172
-0.00303
-0.00203
6.82761E-4
0.0033
0.00303
0.00304
0.00217
4.36753E-4
9.78683E-4
-0.00171
-6.02541E-4
-0.00326
-0.00669
-0.00445
-0.00329
-0.00217
-0.0042
-0.00506
-0.00343
-0.0024
7.38023E-4
5.86497E-4
4.02882E-4
-3.40489E-4
0.00143
0.00118
-0.00124
1.31917E-4
-0.00333
-0.00182
-0.00106
5.79366E-4
2.65617E-4
-0.00173
-0.0019
-0.00121
-0.00239
-0.00567
-0.00356
-0.00618
-0.00143
-0.00127
-9.82248E-4
-0.00103
-0.00622
-0.00392
-0.00467
-0.00247
-0.00509
-0.00831
-0.0073
-0.00522
-0.0039
-0.00313
-0.00112
-0.00131
0.00277
8.44983E-4
0.00231
0.00135
-0.00208
0.0032
0.00125
0.00438
0.00324
0.0016
0.00354
0.00534
0.003
-6.00758E-4
-0.00388
-0.00466
-0.00391
-0.00472
-0.00494
-0.00441
-0.00829
-0.00537
-0.0082
-0.00374
-0.0092
-0.01032
-0.00556
-0.00255
-0.00159
-0.00253
-0.00257
4.43883E-4
0.00351
0.00423
0.00726
0.00806
0.00628
0.00867
0.00765
0.00916
0.0062
9.21638E-4
0.0035
0.00214
0.00107
-0.00484
-0.00619
-0.00997
-0.00379
-0.00395
-0.00424
-0.00498
-0.00826
-0.00312
-0.0035
-0.00253
-0.00954
-0.00989
-0.00666
-0.00613
-0.00632
-0.00519
-0.00359
-0.00277
-0.0025
-3.45837E-4
0.00201
0.00408
0.00135
0.00207
-4.56362E-4
0.00418
2.88792E-4
-0.00275
7.13066E-5
3.40489E-4
0.00262
8.55679E-5
-0.0041
-0.00571
-0.00362
-0.00487
-0.00317
-0.00258
-0.00694
-0.00496
-0.00382
-0.00198
-0.00474
-0.00823
-0.00708
-0.00501
-0.00478
-0.00282
-0.00442
-0.0037
-0.00318
-0.00278
-0.00242
-0.00247
-0.0044
-0.00161
-0.00106
0.00254
0.00417
0.00381
3.7436E-4
-0.00554
-8.20026E-5
-7.21979E-4
-0.0017
-0.00542
-0.00347
-0.00356
0.00109
0.00334
0.0018
0.00201
1.62222E-4
0.00446
5.90062E-4
-8.20026E-5
0.0037
0.00305
0.00369
6.91674E-4
1.39048E-4
-0.00325
0.00151
0.00205
0.00321
0.00277
-7.84372E-4
5.52626E-4
0.00108
0.00198
-6.70282E-4
6.59586E-4
0.00242
7.5585E-4
-1.78266E-5